3 0.09307484570312499 0.20269097216796875 0.02449845703124999 0.028645833007812482
3 0.18846450610351562 0.24652777783203125 0.038966049316406265 0.038194444335937494
3 0.21556712963867186 0.29166666650390627 0.02912808642578127 0.053819444335937494
3 0.189525462890625 0.3122106481933594 0.01446759277343751 0.029513889160156237
3 0.1808449072265625 0.29412615747070314 0.017168209960937514 0.015914352050781233
3 0.16811342578125 0.3219039350585937 0.014081790039062486 0.030381944335937494
3 0.14255401220703123 0.30381944458007815 0.01967592578125002 0.015046296386718783
3 0.15200617285156248 0.2650462963867187 0.016589505859374992 0.02372685156250004
3 0.1615547839355469 0.27690972241210937 0.013310185058593743 0.01909722216796872
3 0.25347222241210937 0.326244212890625 0.015046296386718727 0.026331018554687502
3 0.07831790112304687 0.26909722241210937 0.028935185058593743 0.03472222216796872
3 0.0979938271484375 0.29224537036132814 0.024691358398437502 0.04282407373046876
3 0.11660879614257813 0.2944155092773437 0.02064043212890626 0.025173611328124956
3 0.07378472241210937 0.32754629614257813 0.039158950683593756 0.049189814941406285
3 0.11467978393554687 0.3572048610839844 0.02642746923828125 0.07204861083984376
3 0.13676697509765623 0.3709490739746094 0.016975308593749988 0.03645833349609379
3 0.07156635791015625 0.37818287036132814 0.03125 0.03993055517578126
3 0.05864197534179688 0.14539930541992185 0.025462963378906252 0.02864583349609376
3 0.07436342578124999 0.0868055556640625 0.019868827148437504 0.04108796289062501
3 0.03964120361328125 0.30454282421875 0.012538580078125 0.027488425781249992
3 0.05854552465820313 0.21412037036132814 0.022183642089843754 0.03993055517578123
3 0.023148148193359377 0.1005497685546875 0.03163580224609375 0.05584490722656249
3 0.05989583325195313 0.18388310180664064 0.04494598779296875 0.02864583349609376
3 0.027295524658203126 0.23726851831054685 0.03028549365234375 0.05324074072265625
3 0.010898919677734374 0.21455439819335936 0.01909722216796875 0.03038194482421877
3 0.01147762353515625 0.25506365747070314 0.0198688271484375 0.03501157373046873
3 0.1357060185546875 0.158275462890625 0.023726851562499998 0.024305555664062506
3 0.15509259252929686 0.150462962890625 0.015046296386718755 0.028356481445312498
3 0.15952932104492187 0.1317997685546875 0.01774691357421876 0.026331018554687502
3 0.17766203686523438 0.1260127314453125 0.020447530761718735 0.021701388671874988
3 0.1953125 0.107349537109375 0.020640431640625012 0.022569444335937494
3 0.030767746826171876 0.037471064697265626 0.04301697509765625 0.04658564794921875
3 0.0629822529296875 0.031105323974609377 0.008294752929687503 0.019965277832031253
3 0.07310956787109375 0.018952546386718748 0.024305555664062506 0.0263310185546875
3 0.09471450610351563 0.03153935180664062 0.03163580224609375 0.04282407373046875
3 0.1421682097167969 0.1961805556640625 0.027777777832031253 0.019675925781249992
3 0.1589506171875 0.21166087963867186 0.023148148437500016 0.025752314941406257
3 0.17978395068359376 0.19762731494140626 0.02584876562500002 0.025462962890624996
3 0.03626543212890625 0.33969907421875 0.023919752929687503 0.038194444335937494
3 0.04388503076171875 0.37268518530273437 0.018711419921875 0.02083333349609373
3 0.10021219140625001 0.4814814814453125 0.026813271484374998 0.04861111132812501
3 0.08400848754882813 0.44791666674804687 0.006751543457031245 0.02777777783203128
3 0.0874807099609375 0.5688657407226563 0.03221450585937499 0.03530092578124999
3 0.09857253076171875 0.6427951389160156 0.03665123437500001 0.04947916650390627
3 0.14872685205078123 0.5438368056640626 0.04822530859374999 0.04079861132812501
3 0.09452160498046874 0.598813657470703 0.030092592773437496 0.03559027783203128
3 0.06028163574218749 0.5759548610839844 0.015239197265624997 0.034432870605468735
3 0.08670910498046874 0.7268518518066407 0.057291666992187504 0.06597222216796872
3 0.05208333349609375 0.7566550927734375 0.016975308593750002 0.025462962890624996
3 0.034336419921875 0.7602719907226563 0.018518518554687502 0.046585648437500016
3 0.14438657397460936 0.6643518518066406 0.02372685205078126 0.03240740771484374
3 0.14940200634765627 0.7259837961425781 0.0314429013671875 0.028935185058593715
3 0.17303240747070314 0.7560763889160156 0.02391975341796873 0.033564814941406174
3 0.19058641967773438 0.7365451389160156 0.016203703613281273 0.013020833496093731
3 0.14583333325195313 0.6333912036132813 0.030092592285156233 0.04282407421875001
3 0.13888888891601564 0.5960648146972656 0.046296296386718755 0.05034722216796872
3 0.17775848779296877 0.5899884260253906 0.03260030859374999 0.04166666650390627
3 0.18412422827148436 0.5502025461425781 0.02179783935546875 0.02690972216796883
3 0.2138310185546875 0.5814525463867187 0.0341435185546875 0.06278935156249998
3 0.2029320986328125 0.5522280092773437 0.018518518554687502 0.03501157421875001
3 0.24701003076171874 0.7177372685546874 0.028356481445312526 0.0390625
3 0.2528935185546875 0.7565104167480469 0.029706790039062514 0.025173610839843708
3 0.13734567895507813 0.8103298610839844 0.020447530761718735 0.04890046337890619
3 0.16280864184570312 0.8527199074707031 0.01890432080078125 0.04513888916015629
3 0.19521604931640624 0.8408564814453126 0.02507716015625 0.04513888867187499
3 0.12355324072265625 0.8951099536132812 0.01215277734374999 0.03732638867187499
3 0.22849151245117189 0.8855613427734375 0.03337191357421873 0.026331018554687557
3 0.06645447534179688 0.8389756945800781 0.009452160644531256 0.036747685058593715
3 0.04986496923828125 0.8509837961425781 0.009837962890624996 0.028935185058593715
3 0.004726080078125 0.9377893518066407 0.008680555664062499 0.03182870361328127
3 0.06375385791015625 0.9855324072265625 0.0225694443359375 0.028356481445312443
3 0.10445601831054688 0.9377893518066407 0.02334104931640625 0.015046296386718727
3 0.12567515429687498 0.9620949074707031 0.019097222656249996 0.04166666650390627
3 0.17717978393554687 0.7987557871093749 0.020254629394531265 0.033275462890624996
3 0.17264660498046874 0.8188657407226563 0.024691358398437502 0.015625
3 0.19029706787109374 0.4683159721679687 0.032986111328124984 0.050057870117187486
3 0.18248456787109374 0.41825810180664064 0.014660494140625008 0.02228009228515626
3 0.21469907397460936 0.4105902778320313 0.009645062011718747 0.028356481445312498
3 0.20148533959960938 0.41145833349609373 0.023726852050781233 0.025462962890624996
3 0.1495949072265625 0.43706597241210937 0.024112654296875008 0.03559027783203128
3 0.16242283959960938 0.4048032407226563 0.040895062011718775 0.05034722265624997
3 0.1254822531738281 0.43967013891601564 0.02488425927734375 0.050057870605468735
3 0.258487654296875 0.515625 0.013888888671874988 0.025462962890625107
3 0.23225308642578124 0.5486111110839844 0.013888888671875016 0.013310185058593826
3 0.24990354931640624 0.21209490747070314 0.021412037109374976 0.02314814794921874
3 0.229938271484375 0.20442708325195313 0.03549382714843749 0.04542824072265625
3 0.22540509252929686 0.13411458325195313 0.029513889160156265 0.07089120361328125
3 0.27150848779296877 0.09360532397460938 0.014081790039062514 0.02517361083984375
3 0.3241705246582031 0.10373263891601563 0.024884259277343723 0.025752314941406257
3 0.28645833349609373 0.48017939819335936 0.02391975292968751 0.030381944824218743
3 0.2681327160644531 0.048900462890625 0.02391975341796876 0.0266203701171875
3 0.32851080249023434 0.06814236108398437 0.025462963378906245 0.026909722167968747
3 0.3487654321289062 0.08622685180664062 0.019290123046874996 0.024305555175781257
3 0.21518132714843752 0.040653935302734374 0.012152777343750004 0.02806712939453125
3 0.1897183642578125 0.06872106494140626 0.026813271484375012 0.035011574218749994
3 0.20949074072265625 0.08998842602539062 0.024305555664062506 0.023148147949218753
3 0.1411072531738281 0.08232060205078125 0.026427469238281237 0.0234375
3 0.1404320986328125 0.04441550927734375 0.024305555664062506 0.021701388671875002
3 0.24874614208984375 0.025318287109375 0.035686728515625016 0.05063657421875
3 0.37490354931640624 0.07870370385742187 0.02295524707031249 0.03182870361328126
3 0.43094135791015625 0.14510995361328125 0.027006172851562482 0.017650462890624996
3 0.4660493828125 0.12456597216796875 0.037037037109375004 0.0546875
3 0.4634452160644531 0.05049189819335938 0.02025462939453121 0.01475694482421875
3 0.4393325617675781 0.027054398193359374 0.03144290087890622 0.05410879638671875
3 0.5178433640136719 0.0750868056640625 0.01909722216796872 0.02633101855468751
3 0.4891975307617188 0.11458333325195313 0.014274691406249984 0.014467592285156247
3 0.45351080249023434 0.22612847216796875 0.02160493798828128 0.03385416699218752
3 0.5702160493164063 0.08868634252929689 0.008873457031249976 0.03732638916015625
3 0.5407986110839844 0.033130787109375 0.03337191357421876 0.0546875
3 0.5849729938964844 0.027199073974609377 0.04340277783203117 0.05324074072265625
3 0.5970293210449218 0.07465277783203125 0.02044753076171879 0.046875
3 0.5932677468261719 0.10923032421875001 0.027970679199218695 0.04600694433593751
3 0.4873649689941406 0.29629629614257813 0.016396604980468743 0.013310185058593715
3 0.53125 0.25694444458007815 0.018904321289062498 0.013310185058593771
3 0.5420524689941406 0.2790798610839844 0.04745370361328127 0.04832175927734378
3 0.5909529321289062 0.240306712890625 0.013695987304687463 0.027488425781249992
3 0.6024305556640626 0.15465856494140626 0.02160493847656253 0.025173611328125012
3 0.6198881171874999 0.20254629638671875 0.018325617187500032 0.01446759277343751
3 0.6153549382324219 0.232349537109375 0.0131172836914063 0.01678240722656249
3 0.6577932099609375 0.24030671313476565 0.011574074218750008 0.01707175927734375
3 0.6252893518066406 0.2748842592773437 0.02912808642578124 0.044560185546874964
3 0.6433256171874999 0.31206597241210937 0.021219135742187478 0.024016203613281273
3 0.6077353393554688 0.34678819458007815 0.016782407226562546 0.019965277832031225
3 0.5993441357421876 0.30859375 0.013117284179687494 0.011863425781249992
3 0.5938464506835938 0.32161458325195313 0.02527006152343758 0.028067129394531265
3 0.5578703703613281 0.33232060180664064 0.024305555175781257 0.028067129394531265
3 0.5384837963867187 0.34432870385742187 0.021026234375000064 0.03645833349609373
3 0.5637538581542969 0.40465856469726563 0.04070216064453125 0.036747685058593715
3 0.4872685185546875 0.35243055566406245 0.03317901269531254 0.024305555664062506
3 0.5435956789550781 0.5406539353027344 0.021990740722656277 0.03559027783203128
3 0.5022183642578125 0.4756944443359375 0.02179783984375 0.03125
3 0.5374228393554688 0.49247685205078123 0.032407407226562546 0.068287037109375
3 0.45177469116210933 0.4796006945800781 0.02623456787109374 0.04253472216796872
3 0.4279513889160156 0.5287905092773437 0.03800154345703127 0.04774305566406245
3 0.47154706787109374 0.6069155092773437 0.052662037109375004 0.055266204101562466
3 0.5071373454589844 0.55859375 0.02623456787109374 0.04427083300781254
3 0.4628665124511719 0.6448206018066406 0.02604166650390627 0.01822916650390627
3 0.4653742282714844 0.7173032407226563 0.013695987792968767 0.030092592773437454
3 0.5092592592773437 0.7410300925292969 0.027777777343749976 0.03877314794921882
3 0.5404128088378906 0.7055844907226563 0.014853395019531201 0.051215277343749976
3 0.5623070988769532 0.6721643518066407 0.02739197509765623 0.01909722216796872
3 0.5776427468261719 0.5941840275878907 0.02604166650390627 0.045428240722656166
3 0.71498842578125 0.39048032421875 0.018711419921874972 0.020543981445312498
3 0.7705439814453126 0.36631944458007815 0.027199074218749897 0.030671296386718783
3 0.7110339506835938 0.21947337963867186 0.015432098632812474 0.03385416650390624
3 0.7189429011230468 0.18489583349609376 0.0131172836914063 0.027199074218750008
3 0.7983217592773437 0.2528935185546875 0.014467592773437454 0.034143518554687474
2 0.775462962890625 0.21932870361328127 0.025077160156250056 0.08622685156250001
3 0.7157600307617187 0.2744502314453125 0.04648919726562506 0.03501157421875001
3 0.7460455246582032 0.24797453686523438 0.02218364208984369 0.013310185058593771
3 0.8045910495605468 0.21035879638671875 0.026234567871093684 0.027199074218750008
3 0.6917438271484375 0.19024884252929686 0.016203704101562466 0.025752314941406257
3 0.9420331789550782 0.7087673610839844 0.02372685205078129 0.043113426269531296
3 0.930362654296875 0.7403067131347656 0.013888888671874988 0.01996527783203128
3 0.8910108022460937 0.8294270834960937 0.03125 0.051793981445312554
3 0.9666280864257812 0.8527199074707031 0.015046295898437423 0.03645833349609373
3 0.9690393518066407 0.9388020832519531 0.012538580566406332 0.021701389160156292
3 0.9246720681152344 0.9373553239746094 0.04764660498046869 0.08072916650390627
3 0.9035493825683594 0.8913483796386719 0.018904320800781305 0.017071759277343723
3 0.8892746914062499 0.9095775463867188 0.012731481445312443 0.03443287011718754
3 0.8761574072265625 0.8896122685546874 0.01697530859374996 0.013599537109375004
3 0.8632330246582032 0.8517071760253907 0.01774691357421876 0.02517361083984382
3 0.8701774689941406 0.9146412036132813 0.011959876464843755 0.02430555566406256
3 0.8727816357421876 0.9411168981933593 0.017554012695312537 0.03153935205078129
3 0.862750771484375 0.9469039350585937 0.017168209960937486 0.01475694433593755
3 0.8548418210449219 0.9691840275878907 0.017554012207031233 0.029803240722656166
3 0.8185763889160156 0.948061342529297 0.02218364208984369 0.02690972216796872
3 0.794849537109375 0.8125 0.021797839843749944 0.015046295898437423
3 0.7898341049804688 0.76953125 0.027970678710937502 0.04484953710937489
3 0.81896219140625 0.6953125 0.023726851562499984 0.034722222656250024
3 0.938657407470703 0.7965856481933593 0.02777777783203128 0.03472222216796872
3 0.9540895063476562 0.8166956018066407 0.015817901367187526 0.03211805517578126
3 0.2313850310058594 0.9441550925292969 0.017939814941406257 0.027199073730468815
3 0.27044753076171874 0.9495081020507812 0.027006172851562482 0.044849537109375004
3 0.2525077160644531 0.9136284724121093 0.01890432080078125 0.02690972216796872
3 0.32262731469726563 0.8748553239746093 0.013310185058593715 0.01996527783203128
3 0.4296875 0.9794560185546874 0.03993055566406245 0.03819444433593755
3 0.3934220678710938 0.9619502314453126 0.023341049804687486 0.019386574218749897
3 0.38647762353515625 0.9230324074707031 0.023726851562499984 0.03298611083984371
3 0.42226080249023434 0.8836805556640625 0.01697530908203121 0.046875
3 0.44126157397460936 0.8780381945800781 0.020254629394531265 0.02864583349609373
3 0.3621720678710938 0.8289930554199219 0.015239197265625004 0.03761574072265628
3 0.31192129614257813 0.82798032421875 0.01080246923828121 0.026331018554687446
3 0.3513695986328125 0.782407407470703 0.026813271484375012 0.03472222216796872
3 0.3955439814453125 0.7611400461425781 0.026041666992187462 0.02864583349609373
3 0.32822145043945317 0.7860243054199219 0.01793981494140623 0.014178240722656277
3 0.2825038581542969 0.8725405092773437 0.014853395019531257 0.044849537109375004
3 0.29272762353515625 0.9816261572265625 0.02527006152343747 0.017650462890624996
3 0.35069444433593755 0.9632523146972656 0.012731481445312498 0.01909722216796872
3 0.37374614208984375 0.9742476853027344 0.014467592773437454 0.020254629394531265
3 0.4040316357421875 0.8151041665039063 0.028742284179687494 0.03819444433593744
3 0.4321952160644531 0.8017939814453126 0.06616512353515625 0.04456018554687502
3 0.4520640432128906 0.7554976853027344 0.013310185058593715 0.035879629394531265
3 0.4291087963867187 0.7353877314453126 0.02411265429687498 0.06741898144531244
3 0.3971836418457031 0.7232349536132812 0.02199074072265622 0.025173611328125012
3 0.38609182080078125 0.7138310185546874 0.014081790039062514 0.015046295898437534
3 0.3732638889160156 0.7268518520507812 0.020447530761718735 0.018518518554687557
3 0.3455825617675781 0.7186053239746093 0.03144290087890622 0.024016203613281273
3 0.34741512353515625 0.7472511572265625 0.018904321289062498 0.026331018554687557
3 0.319637345703125 0.7356770834960937 0.032793209960937486 0.0390625
3 0.3661265432128906 0.6808449074707031 0.043209876464843755 0.05324074072265628
3 0.3661265432128906 0.6397569445800781 0.021604937988281225 0.02604166650390627
3 0.3356481479492187 0.6848958334960937 0.010030864257812466 0.015625
3 0.3287037036132813 0.6655092592773437 0.011574074218750008 0.015046295898437534
3 0.3140432099609375 0.6809895832519531 0.020061728515624988 0.02690972216796883
3 0.33256172827148434 0.6268807871093749 0.02893518505859377 0.044849537109375004
3 0.4103009260253906 0.6072048610839844 0.010416666503906213 0.017071759277343723
3 0.39322916650390627 0.6702835646972656 0.017168209960937486 0.01591435205078129
3 0.2797067902832031 0.7586805556640625 0.006558642089843747 0.015625
3 0.2873263889160156 0.7294560185546874 0.014081790527343763 0.026620370117187542
3 0.32397762353515625 0.5899884260253906 0.022569444335937494 0.02604166650390627
3 0.39805169750976566 0.584201388671875 0.016396604980468743 0.015625
3 0.37528935180664064 0.5789930556640626 0.03645833349609373 0.05381944433593755
3 0.3667052470703125 0.5412326389160156 0.014274691406249984 0.01128472216796872
3 0.34346064794921877 0.5189525461425781 0.021412037109375004 0.01822916650390627
3 0.3544560185546875 0.4837962963867187 0.014081790039062514 0.027199074218750008
3 0.3923611110839844 0.5122974536132813 0.028163580566406277 0.03790509277343751
3 0.355999228515625 0.40364583349609373 0.019868827148437518 0.021412037109375004
3 0.3585069443359375 0.37572337963867186 0.009837962890624996 0.03674768505859377
3 0.4150270061035156 0.4204282407226563 0.036072530761718735 0.03877314843749996
3 0.43740354931640624 0.4191261572265625 0.017168209960937486 0.017650462890624996
3 0.2706404318847656 0.40407986108398436 0.02623456787109374 0.03790509228515626
3 0.24440586425781252 0.39337384252929686 0.02700617285156251 0.07552083349609373
3 0.3152006171875 0.3174189814453125 0.013117284179687494 0.04166666699218746
3 0.4662422839355469 0.318431712890625 0.04089506201171872 0.0419560185546875
3 0.4491705246582032 0.2592592592773438 0.02295524658203124 0.041087962890625024
3 0.43142361108398436 0.24537037036132814 0.009452160644531249 0.02314814794921874
3 0.3989197531738281 0.2870370368652344 0.03935185205078123 0.06886574072265622
3 0.3974729938964844 0.247974537109375 0.023341049316406237 0.03645833300781251
3 0.3554205246582031 0.21903935180664064 0.016010802246093747 0.02256944482421877
3 0.5008680554199219 0.23885995361328125 0.010609567871093739 0.014756944335937494
3 0.6215277778320312 0.0752314814453125 0.025462962890624996 0.056712962890624996
3 0.6941550925292969 0.154369212890625 0.027199073730468815 0.0234375
3 0.7266589504394532 0.02575231494140625 0.016203703613281273 0.013888888671875002
3 0.7919560185546874 0.10185185205078125 0.011381172851562593 0.0341435185546875
3 0.6980131171875 0.12051504614257813 0.012538580078125028 0.010127314941406243
1 0.7057291667480469 0.08767361108398437 0.04340277783203117 0.061342592285156254
1 0.6673418208007813 0.06901041674804687 0.038387345703125075 0.03732638916015625
1 0.6454475310058594 0.11762152758789063 0.023533950683593763 0.02285879638671874
1 0.6901041667480469 0.02401620361328125 0.05034722216796883 0.0480324072265625
1 0.6410108024902343 0.169849537109375 0.03240740771484374 0.041087962890624996
1 0.6499807099609375 0.21440972216796875 0.03722993847656242 0.0497685185546875
1 0.6963734567871094 0.30859375 0.03279320947265618 0.035590277343749976
1 0.6952160495605468 0.35054976831054685 0.05169753076171879 0.04542824072265622
1 0.6200810185546874 0.392505787109375 0.04301697558593742 0.07204861132812501
1 0.6684027778320312 0.4296875 0.05285493847656253 0.072337962890625
1 0.5714699074707031 0.45703125 0.022955246582031297 0.04600694433593755
1 0.5931712963867188 0.49913194458007815 0.032793209960937486 0.03182870361328122
1 0.6034915122070312 0.45789930541992185 0.038387345703124964 0.04658564794921877
1 0.6445794750976563 0.49681712963867186 0.02989969140625004 0.04976851806640625
1 0.6747685185546874 0.5494791667480469 0.047453704101562466 0.06365740771484374
1 0.619212962890625 0.6072048610839844 0.04166666699218746 0.06336805517578126
1 0.6454475307617187 0.6484375 0.04128086425781252 0.04166666699218746
1 0.6340663579101562 0.6987847224121093 0.05787037011718754 0.05902777783203128
1 0.67833719140625 0.7106481481933593 0.031057098632812474 0.05439814794921871
1 0.6460262346191407 0.7524594907226563 0.040895062011718775 0.042534722656250024
1 0.6683063271484375 0.7906539350585937 0.055748457031249976 0.05758101855468756
1 0.6286651232910156 0.8598090278320312 0.0378086420898438 0.04774305566406245
1 0.5947145061035156 0.908130787109375 0.04050925927734372 0.055844907226562546
1 0.6435185185546874 0.9458912036132813 0.053626542968750024 0.048032407226562546
1 0.5916280864257812 0.9814814814453126 0.051697531249999984 0.03645833300781243
3 0.5240162036132813 0.8885995371093749 0.015625 0.021412037109375004
3 0.49633487646484375 0.91001157421875 0.040895061523437526 0.041087962890624996
3 0.5496720678710938 0.7934027778320312 0.04147376562500005 0.08912037011718754
3 0.5492862656249999 0.8344907407226563 0.028356481445312443 0.04456018554687502
3 0.6620370368652344 0.8420138889160156 0.011959876464843755 0.02604166650390627
3 0.6940586418457031 0.8467881945800781 0.016203703613281273 0.03153935205078129
3 0.7441165124511719 0.829427083251953 0.020254629394531265 0.018807870605468735
3 0.6979166665039063 0.796875 0.02391975292968751 0.014467592773437454
3 0.7130594135742188 0.798900462890625 0.009837962890624996 0.023726851562499984
3 0.7331211420898438 0.7815393520507812 0.021412037109375004 0.037037037109375004
3 0.7287808642578125 0.9379340278320312 0.0435956787109375 0.08130787011718754
3 0.693287037109375 0.9524016203613281 0.011574074218750008 0.02228009228515626
3 0.7103587963867188 0.7173032407226563 0.024498457031249976 0.059027777343749976
3 0.7428626545410156 0.7219328703613281 0.013503086425781241 0.01678240771484374
3 0.7662037036132813 0.7162905092773437 0.03163580273437505 0.040219907226562546
3 0.7871334877929688 0.7026909724121093 0.010223765624999936 0.02690972216796872
3 0.7525077160644531 0.6767939814453126 0.008101852050781289 0.039351851562500095
3 0.7889660495605468 0.7364004631347656 0.01080246923828121 0.03182870361328127
3 0.6974344135742188 0.6283275463867188 0.02488425878906253 0.044849537109375004
3 0.7306134260253907 0.6186342592773437 0.02372685205078129 0.034722222656250024
3 0.8163580249023437 0.6219618056640626 0.04822530859374996 0.04079861132812501
3 0.8057484567871094 0.5341435185546874 0.018904320800781305 0.032407407226562435
3 0.828125 0.5159143518066407 0.02430555566406256 0.030671296386718727
3 0.6421682099609375 0.6109664353027344 0.014274691406249929 0.03848379638671873
3 0.6726466047363282 0.5834780092773437 0.011959876464843755 0.038483795898437534
3 0.7286844135742188 0.5601851853027344 0.02488425878906253 0.03182870361328127
3 0.7250192902832031 0.5211226853027344 0.03607253076171868 0.04745370361328127
3 0.8692129631347656 0.6179108796386719 0.01774691357421876 0.028067129394531265
3 0.8589891977539063 0.6053240739746093 0.022762345703124964 0.030671296386718727
3 0.8559992282714843 0.5623553239746094 0.024884259277343723 0.06105324072265628
3 0.8731674382324219 0.5788483796386719 0.01678240771484385 0.02228009228515626
3 0.8282214506835938 0.41087962963867186 0.02256944433593744 0.030671296386718727
3 0.8695987653808593 0.41102430566406245 0.01774691357421876 0.03790509277343751
3 0.8632330246582032 0.37094907397460936 0.021604937988281336 0.042245370605468735
3 0.8557098767089844 0.47092013891601564 0.015046296386718727 0.02864583349609373
3 0.8753858024902343 0.47916666650390627 0.02044753076171879 0.021412037109375004
3 0.893711419921875 0.490162037109375 0.015432098632812474 0.038773148437500016
3 0.8513695986328125 0.2374131943359375 0.015625 0.04021990722656252
3 0.8925540122070312 0.26403356469726563 0.042438271484374956 0.07552083349609376
3 0.9438657407226563 0.2504340278320313 0.03395061718750003 0.0361689814453125
3 0.949749228515625 0.3192997685546875 0.048418209960937486 0.10387731445312498
3 0.796875 0.0557002314453125 0.010416666992187462 0.0361689814453125
3 0.8280285493164062 0.04875578686523438 0.01832561718749992 0.03559027783203125
3 0.8804976850585937 0.06741898168945312 0.011381172851562482 0.05034722216796875
3 0.8344907407226563 0.012442129638671875 0.021219135742187478 0.02488425927734375
3 0.9910300925292969 0.030526620361328125 0.017554012207031233 0.03153935205078125
3 0.9752121914062499 0.4019097221679687 0.02527006152343747 0.03877314843749996
3 0.9946952160644531 0.41666666674804687 0.010223765136718743 0.028935185058593715
3 0.9943094135742188 0.45934606494140623 0.01099537011718743 0.0234375
3 0.9582368828125 0.5533854167480469 0.016782407226562546 0.02228009228515626
3 0.9270833332519531 0.5642361110839844 0.021604937988281225 0.03993055517578126
3 0.9068287038574219 0.5493344907226563 0.026234567871093795 0.05237268554687502
3 0.9806134260253906 0.6297743054199219 0.030285493652343787 0.04716435205078129
3 0.9635416667480469 0.6627604167480469 0.025848765136718743 0.02228009228515626
3 0.9842785493164062 0.6844618056640626 0.03028549414062498 0.025173611328125012
3 0.9770447531738282 0.8068576389160156 0.019290123535156245 0.03269675927734372
3 0.9852430554199219 0.77329282421875 0.024884259277343723 0.040219907226562546
3 0.9956597221679687 0.8399884260253907 0.007137345703124964 0.03298611083984382
3 0.9947916665039063 0.9367766203613281 0.010030864257812522 0.03153935205078118
3 0.00790895068359375 0.49160879614257813 0.0154320986328125 0.06481481494140628
3 0.006172839599609375 0.33998842578125 0.01234567919921875 0.03009259277343751
3 0.027681327148437497 0.1903935185546875 0.021412037109375 0.020833333007812482
3 0.009837962890625 0.19097222241210937 0.013117284179687501 0.02488425927734375
3 0.3004436728515625 0.41796875 0.034915123046874996 0.04947916699218746
3 0.7095871914062499 0.6090856481933593 0.01793981445312498 0.013310185058593826
2 0.7387152778320312 0.08550347216796875 0.014081790039062514 0.03501157421875001
3 0.6897183640136719 0.25795717602539064 0.020640432128906316 0.012442129394531265
3 0.7667824074707031 0.007089120361328125 0.009645062011718775 0.01417824072265625
3 0.9331597221679688 0.9932002314453126 0.04456018554687502 0.013020833007812427
3 0.8063271606445312 0.9625289353027344 0.015817901367187526 0.024016203613281273
3 0.236328125 0.966796875 0.03271484375 0.066162109375
3 0.3544921875 0.991455078125 0.0234375 0.01708984375
3 0.564453125 0.693359375 0.021728515625 0.01708984375
3 0.58935546875 0.636474609375 0.020751953125 0.042236328125
3 0.5869140625 0.560791015625 0.0224609375 0.023193359375
3 0.488037109375 0.52783203125 0.011474609375 0.027099609375
3 0.528564453125 0.424072265625 0.013427734375 0.027099609375
3 0.572998046875 0.353515625 0.02197265625 0.029296875
3 0.542236328125 0.374267578125 0.014892578125 0.033447265625
0 0.80859375 0.666259765625 0.021728515625 0.013427734375