1 0.71826171875 0.26611328125 0.030029296875 0.047119140625
3 0.609375 0.140869140625 0.01708984375 0.019287109375
1 0.730712890625 0.4677734375 0.037109375 0.04833984375
3 0.573974609375 0.05322265625 0.01904296875 0.030029296875
0 0.548583984375 0.77685546875 0.02392578125 0.022216796875
0 0.38330078125 0.208251953125 0.01904296875 0.029052734375
0 0.400634765625 0.724609375 0.017822265625 0.03955078125
1 0.704345703125 0.759033203125 0.036376953125 0.0556640625
1 0.698486328125 0.926513671875 0.040771484375 0.05712890625
1 0.701171875 0.386962890625 0.028076171875 0.044921875
1 0.666015625 0.654296875 0.03955078125 0.04931640625
1 0.707763671875 0.510498046875 0.027099609375 0.060302734375
1 0.76708984375 0.77587890625 0.03515625 0.04931640625
3 0.610595703125 0.18017578125 0.01611328125 0.022705078125
0 0.765625 0.2861328125 0.0146484375 0.024169921875
0 0.34912109375 0.264892578125 0.016845703125 0.01904296875
1 0.751708984375 0.369140625 0.031494140625 0.0595703125
3 0.178955078125 0.61181640625 0.02001953125 0.0205078125
1 0.796142578125 0.738037109375 0.023681640625 0.0419921875
3 0.586669921875 0.638427734375 0.01171875 0.034912109375
1 0.7158203125 0.65869140625 0.02880859375 0.041748046875
3 0.87353515625 0.093505859375 0.015869140625 0.012939453125
3 0.311767578125 0.561279296875 0.0166015625 0.01953125
3 0.56591796875 0.388671875 0.011474609375 0.02392578125
3 0.47119140625 0.269287109375 0.015625 0.016357421875
0 0.55810546875 0.681396484375 0.0205078125 0.013671875
3 0.493408203125 0.15673828125 0.009521484375 0.029052734375
3 0.110107421875 0.65869140625 0.01513671875 0.01806640625
3 0.447998046875 0.805419921875 0.01611328125 0.01513671875
3 0.507080078125 0.85546875 0.01708984375 0.015869140625
1 0.79052734375 0.958251953125 0.024169921875 0.0517578125
3 0.91943359375 0.788330078125 0.008056640625 0.02783203125
3 0.603759765625 0.84423828125 0.0126953125 0.017333984375
3 0.864990234375 0.049072265625 0.017822265625 0.01806640625
3 0.39208984375 0.0771484375 0.016845703125 0.013671875
3 0.282958984375 0.4658203125 0.007080078125 0.021240234375
1 0.6806640625 0.6806640625 0.0185546875 0.031982421875
3 0.39501953125 0.590087890625 0.00927734375 0.031005859375
3 0.406494140625 0.177734375 0.010986328125 0.02587890625
3 0.599853515625 0.55078125 0.010009765625 0.028076171875
3 0.355224609375 0.472900390625 0.016845703125 0.01318359375
1 0.669677734375 0.60888671875 0.021484375 0.029296875
3 0.552978515625 0.300537109375 0.016845703125 0.024169921875
3 0.671875 0.262939453125 0.008544921875 0.02880859375
3 0.419677734375 0.1455078125 0.018310546875 0.033935546875
3 0.222900390625 0.728759765625 0.01220703125 0.019775390625
1 0.69677734375 0.30615234375 0.041748046875 0.0390625
0 0.663330078125 0.335205078125 0.017333984375 0.017578125
1 0.70556640625 0.98876953125 0.037109375 0.0224609375
3 0.8359375 0.651123046875 0.012939453125 0.013427734375
1 0.677978515625 0.06494140625 0.037841796875 0.05908203125
3 0.90673828125 0.889404296875 0.017578125 0.029052734375
1 0.69482421875 0.34765625 0.028076171875 0.032958984375
3 0.194091796875 0.876708984375 0.0107421875 0.0107421875
1 0.715087890625 0.0986328125 0.0234375 0.046630859375
0 0.42333984375 0.33154296875 0.0126953125 0.02392578125
3 0.3525390625 0.57470703125 0.021240234375 0.014892578125
3 0.814697265625 0.106201171875 0.01171875 0.0234375
0 0.3671875 0.40576171875 0.012451171875 0.009765625
3 0.92529296875 0.95458984375 0.0107421875 0.030517578125
0 0.049560546875 0.25439453125 0.020751953125 0.033447265625
0 0.4521484375 0.416259765625 0.0087890625 0.028076171875
3 0.636474609375 0.61572265625 0.01025390625 0.02001953125
3 0.92724609375 0.211181640625 0.008056640625 0.023681640625
1 0.7041015625 0.017822265625 0.05859375 0.03564453125
3 0.0341796875 0.215087890625 0.01123046875 0.027587890625
1 0.72998046875 0.82080078125 0.056884765625 0.07080078125
3 0.7080078125 0.209228515625 0.01513671875 0.01123046875
1 0.730712890625 0.57080078125 0.017822265625 0.03076171875
3 0.59228515625 0.29541015625 0.008544921875 0.027099609375
3 0.55517578125 0.35205078125 0.013671875 0.013916015625
3 0.897705078125 0.3076171875 0.009765625 0.027099609375
0 0.536376953125 0.2158203125 0.016357421875 0.03076171875
0 0.87353515625 0.94287109375 0.0146484375 0.0107421875
3 0.13916015625 0.39501953125 0.013916015625 0.014892578125
3 0.092041015625 0.7705078125 0.0166015625 0.015625
3 0.95361328125 0.697021484375 0.0146484375 0.0263671875
3 0.373779296875 0.43359375 0.01513671875 0.021484375
3 0.644287109375 0.579833984375 0.009033203125 0.025390625
3 0.40185546875 0.321533203125 0.00830078125 0.0107421875
3 0.610107421875 0.339599609375 0.013916015625 0.011474609375
3 0.877197265625 0.357666015625 0.010986328125 0.027587890625
3 0.639404296875 0.562744140625 0.019775390625 0.015625
3 0.750244140625 0.57568359375 0.0166015625 0.01220703125
3 0.904296875 0.7646484375 0.012451171875 0.011474609375
3 0.425537109375 0.7294921875 0.0087890625 0.016845703125
0 0.620849609375 0.554931640625 0.010009765625 0.023681640625
3 0.914794921875 0.190673828125 0.01123046875 0.019287109375
3 0.832763671875 0.309326171875 0.01611328125 0.008056640625
3 0.66748046875 0.1572265625 0.01416015625 0.016357421875
3 0.59765625 0.1142578125 0.008056640625 0.0205078125
3 0.416015625 0.83056640625 0.010498046875 0.02197265625
3 0.815673828125 0.89892578125 0.013916015625 0.02880859375
3 0.535888671875 0.742919921875 0.012939453125 0.031005859375
3 0.802978515625 0.80322265625 0.011474609375 0.0087890625
3 0.54248046875 0.942626953125 0.021484375 0.0234375
3 0.62744140625 0.28369140625 0.01611328125 0.009521484375
3 0.59375 0.422607421875 0.0078125 0.022216796875
3 0.86962890625 0.199951171875 0.007568359375 0.0244140625
3 0.589111328125 0.8935546875 0.0087890625 0.01025390625
3 0.841552734375 0.450439453125 0.01416015625 0.018798828125
3 0.939697265625 0.369384765625 0.018310546875 0.016845703125
3 0.16748046875 0.14697265625 0.0107421875 0.023193359375
0 0.264892578125 0.8330078125 0.00927734375 0.019775390625
3 0.668212890625 0.53369140625 0.00732421875 0.01904296875
3 0.79345703125 0.389892578125 0.010498046875 0.010498046875
3 0.83251953125 0.647216796875 0.012939453125 0.013916015625
3 0.927978515625 0.750244140625 0.010009765625 0.013916015625
3 0.959716796875 0.007568359375 0.01025390625 0.01513671875
3 0.9267578125 0.871826171875 0.008544921875 0.02392578125
0 0.923095703125 0.6640625 0.009521484375 0.01953125
3 0.599853515625 0.490966796875 0.0126953125 0.01806640625
3 0.345703125 0.393798828125 0.009033203125 0.03564453125
3 0.970947265625 0.577880859375 0.010986328125 0.037353515625
0 0.741455078125 0.94873046875 0.0146484375 0.0224609375
3 0.75 0.728271484375 0.013916015625 0.0205078125
3 0.421630859375 0.971923828125 0.022216796875 0.0166015625
3 0.91259765625 0.9658203125 0.01611328125 0.011474609375
3 0.965576171875 0.842529296875 0.009521484375 0.028564453125
0 0.948974609375 0.050537109375 0.011962890625 0.020263671875
3 0.488037109375 0.785888671875 0.008544921875 0.02490234375
0 0.349609375 0.1630859375 0.008544921875 0.024169921875
3 0.462646484375 0.385986328125 0.009033203125 0.00927734375
3 0.4951171875 0.92626953125 0.006591796875 0.01904296875
3 0.921875 0.39013671875 0.010986328125 0.011474609375
0 0.554443359375 0.67724609375 0.02001953125 0.013916015625
0 0.746826171875 0.04150390625 0.01123046875 0.02099609375
2 0.186767578125 0.1943359375 0.018798828125 0.031005859375
0 0.191162109375 0.279541015625 0.018798828125 0.02099609375
3 0.23291015625 0.311767578125 0.0078125 0.026123046875
3 0.406982421875 0.458740234375 0.014404296875 0.04638671875
0 0.340087890625 0.43701171875 0.010498046875 0.024658203125
3 0.4794921875 0.6123046875 0.00927734375 0.039794921875
3 0.06591796875 0.9150390625 0.010986328125 0.03173828125
0 0.62353515625 0.7998046875 0.013427734375 0.0224609375
0 0.9228515625 0.3505859375 0.018798828125 0.009521484375
3 0.771484375 0.973388671875 0.012939453125 0.032470703125