0 0.2802734375 0.036865234375 0.031982421875 0.020751953125
0 0.3203125 0.435791015625 0.0224609375 0.037353515625
0 0.93603515625 0.764404296875 0.021484375 0.04052734375
0 0.10205078125 0.608642578125 0.04052734375 0.05322265625
1 0.47705078125 0.125244140625 0.037841796875 0.053955078125
1 0.45068359375 0.845703125 0.033203125 0.046875
1 0.509521484375 0.790771484375 0.047119140625 0.06298828125
1 0.43310546875 0.430419921875 0.025634765625 0.052734375
1 0.439453125 0.294189453125 0.037841796875 0.0595703125
1 0.45654296875 0.38134765625 0.039306640625 0.056640625
1 0.46337890625 0.24169921875 0.03369140625 0.057373046875
1 0.46630859375 0.506591796875 0.041259765625 0.04931640625
0 0.089599609375 0.73583984375 0.031005859375 0.028076171875
1 0.464599609375 0.323486328125 0.04443359375 0.04736328125
1 0.48388671875 0.697021484375 0.0361328125 0.061279296875
3 0.077880859375 0.5185546875 0.01708984375 0.01953125
3 0.34423828125 0.91015625 0.017578125 0.0283203125
1 0.4072265625 0.259521484375 0.034912109375 0.04345703125
0 0.618408203125 0.403076171875 0.0126953125 0.021728515625
1 0.47607421875 0.56298828125 0.032958984375 0.046630859375
0 0.1279296875 0.118408203125 0.02099609375 0.021484375
1 0.50390625 0.39794921875 0.031494140625 0.065673828125
3 0.063232421875 0.428466796875 0.0166015625 0.02392578125
1 0.509765625 0.530029296875 0.032958984375 0.066650390625
3 0.5068359375 0.739013671875 0.01318359375 0.028564453125
1 0.414794921875 0.098876953125 0.03076171875 0.037841796875
0 0.57763671875 0.789306640625 0.029052734375 0.025146484375
3 0.31103515625 0.75830078125 0.013671875 0.020263671875
3 0.12451171875 0.960693359375 0.01123046875 0.03515625
1 0.43505859375 0.59326171875 0.052978515625 0.05517578125
3 0.10693359375 0.373779296875 0.0126953125 0.029296875
1 0.493408203125 0.446533203125 0.03125 0.044189453125
3 0.0146484375 0.869140625 0.027587890625 0.0283203125
0 0.64208984375 0.51416015625 0.044677734375 0.046630859375
3 0.38427734375 0.98095703125 0.01318359375 0.0244140625
0 0.8642578125 0.32470703125 0.015869140625 0.02392578125
1 0.42041015625 0.22705078125 0.03515625 0.053955078125
0 0.110107421875 0.41796875 0.012939453125 0.024169921875
3 0.477783203125 0.185302734375 0.011962890625 0.02099609375
3 0.09326171875 0.71484375 0.01806640625 0.022705078125
3 0.074462890625 0.208740234375 0.015380859375 0.025390625
3 0.216064453125 0.32080078125 0.015625 0.029296875
3 0.067626953125 0.575439453125 0.010986328125 0.031982421875
3 0.1572265625 0.5751953125 0.015869140625 0.0146484375
3 0.68701171875 0.406982421875 0.0166015625 0.015380859375
3 0.0146484375 0.35302734375 0.01513671875 0.022216796875
3 0.378173828125 0.7158203125 0.012939453125 0.02197265625
3 0.643798828125 0.833740234375 0.021728515625 0.02197265625
3 0.37158203125 0.7841796875 0.00927734375 0.02490234375
3 0.39501953125 0.826171875 0.027099609375 0.0185546875
3 0.29931640625 0.104248046875 0.009765625 0.02294921875
3 0.39306640625 0.93115234375 0.00927734375 0.026611328125
3 0.1484375 0.8525390625 0.01513671875 0.013916015625
3 0.083251953125 0.315673828125 0.01171875 0.0283203125
3 0.706298828125 0.2265625 0.00927734375 0.021728515625
3 0.986328125 0.361572265625 0.01953125 0.0126953125
3 0.616455078125 0.1396484375 0.01611328125 0.0234375
3 0.673583984375 0.683837890625 0.011962890625 0.02197265625
3 0.5107421875 0.71240234375 0.007080078125 0.033203125
3 0.186767578125 0.98974609375 0.013916015625 0.018310546875
3 0.14453125 0.170166015625 0.016845703125 0.0126953125
3 0.2392578125 0.452392578125 0.010498046875 0.02294921875
3 0.097900390625 0.40380859375 0.010009765625 0.02783203125
3 0.586181640625 0.009521484375 0.009033203125 0.01904296875
1 0.453125 0.8916015625 0.030029296875 0.029541015625
3 0.309326171875 0.383544921875 0.0126953125 0.015380859375
1 0.41845703125 0.18994140625 0.023681640625 0.030029296875
1 0.484130859375 0.080322265625 0.03173828125 0.0478515625
3 0.376953125 0.76025390625 0.014404296875 0.0166015625
3 0.509765625 0.173583984375 0.008056640625 0.02099609375
3 0.633056640625 0.569580078125 0.01318359375 0.01513671875
3 0.9306640625 0.182373046875 0.01220703125 0.014404296875
3 0.6005859375 0.5859375 0.008544921875 0.018798828125
3 0.9345703125 0.182861328125 0.01171875 0.012451171875
0 0.471435546875 0.620361328125 0.021240234375 0.01416015625
3 0.592529296875 0.9619140625 0.018798828125 0.01318359375
0 0.633056640625 0.95947265625 0.012939453125 0.030517578125
1 0.474365234375 0.985595703125 0.033935546875 0.0283203125
3 0.155517578125 0.02587890625 0.014892578125 0.014892578125
3 0.12744140625 0.858642578125 0.009033203125 0.024169921875
2 0.708740234375 0.950439453125 0.039306640625 0.051513671875
0 0.01220703125 0.1953125 0.01416015625 0.010986328125
1 0.446044921875 0.789306640625 0.016357421875 0.029052734375
3 0.09033203125 0.223876953125 0.012939453125 0.036865234375