0 0.220703125 0.1357421875 0.03662109375 0.03125
1 0.71435546875 0.330078125 0.033935546875 0.052490234375
1 0.72216796875 0.119140625 0.0458984375 0.056884765625
0 0.2197265625 0.806640625 0.027099609375 0.040283203125
1 0.724609375 0.896484375 0.034912109375 0.052734375
0 0.47998046875 0.7294921875 0.019287109375 0.033203125
1 0.700927734375 0.770263671875 0.03076171875 0.03857421875
0 0.4462890625 0.04541015625 0.027099609375 0.02001953125
1 0.70166015625 0.018798828125 0.0341796875 0.03759765625
1 0.664306640625 0.438232421875 0.03564453125 0.0498046875
1 0.7421875 0.052490234375 0.0341796875 0.048583984375
0 0.598876953125 0.822021484375 0.013427734375 0.031982421875
1 0.647216796875 0.484130859375 0.051513671875 0.04931640625
3 0.422607421875 0.527587890625 0.015380859375 0.03369140625
3 0.92529296875 0.90576171875 0.016845703125 0.025146484375
3 0.829833984375 0.49853515625 0.01513671875 0.0234375
1 0.728271484375 0.728759765625 0.03515625 0.054443359375
3 0.74755859375 0.203857421875 0.013671875 0.028564453125
1 0.695068359375 0.209716796875 0.03759765625 0.045654296875
0 0.4384765625 0.33251953125 0.0185546875 0.01416015625
1 0.738525390625 0.79736328125 0.05126953125 0.093994140625
3 0.75 0.273193359375 0.018798828125 0.013916015625
0 0.46630859375 0.7783203125 0.014404296875 0.0166015625
3 0.927490234375 0.852783203125 0.011474609375 0.021728515625
1 0.702392578125 0.387939453125 0.052490234375 0.053466796875
0 0.56787109375 0.53173828125 0.022216796875 0.01416015625
0 0.33642578125 0.60693359375 0.011474609375 0.02197265625
3 0.706787109375 0.169921875 0.017578125 0.017333984375
3 0.425048828125 0.8828125 0.0087890625 0.020751953125
3 0.5537109375 0.82080078125 0.02001953125 0.022705078125
3 0.404052734375 0.4921875 0.009033203125 0.03515625
1 0.673095703125 0.31884765625 0.034912109375 0.058837890625
1 0.668212890625 0.083984375 0.058349609375 0.066162109375
3 0.529052734375 0.12548828125 0.01513671875 0.0234375
3 0.713623046875 0.435302734375 0.008544921875 0.025146484375
3 0.7451171875 0.485107421875 0.0166015625 0.01416015625
0 0.108642578125 0.540771484375 0.012939453125 0.040283203125
1 0.73974609375 0.982666015625 0.035888671875 0.03369140625
1 0.704345703125 0.551513671875 0.04736328125 0.060791015625
3 0.156982421875 0.056396484375 0.01708984375 0.025390625
3 0.48876953125 0.1064453125 0.012451171875 0.022705078125
3 0.77197265625 0.638916015625 0.017333984375 0.016845703125
3 0.55126953125 0.3994140625 0.015380859375 0.025146484375
3 0.548583984375 0.152587890625 0.01513671875 0.024169921875
1 0.69384765625 0.25390625 0.016845703125 0.031494140625
1 0.684326171875 0.892333984375 0.030029296875 0.039306640625
3 0.673583984375 0.6142578125 0.01123046875 0.03466796875
3 0.108154296875 0.6142578125 0.021240234375 0.02587890625
3 0.525390625 0.336669921875 0.016845703125 0.023681640625
3 0.589599609375 0.23583984375 0.0166015625 0.032470703125
3 0.83642578125 0.849853515625 0.015869140625 0.025390625
3 0.986572265625 0.2744140625 0.014404296875 0.02490234375
1 0.663818359375 0.697998046875 0.04052734375 0.049560546875
3 0.62060546875 0.93994140625 0.02392578125 0.013427734375
1 0.681640625 0.844970703125 0.0341796875 0.05126953125
3 0.42919921875 0.2744140625 0.01318359375 0.021484375
1 0.692626953125 0.719482421875 0.029541015625 0.041015625
1 0.687255859375 0.651611328125 0.055908203125 0.05712890625
3 0.50244140625 0.836669921875 0.010009765625 0.026123046875
3 0.482421875 0.151611328125 0.020751953125 0.01123046875
3 0.480712890625 0.8984375 0.014892578125 0.0205078125
3 0.376220703125 0.37890625 0.01318359375 0.01708984375
3 0.4296875 0.832275390625 0.00830078125 0.0322265625
0 0.220947265625 0.372314453125 0.011962890625 0.02099609375
3 0.885009765625 0.055419921875 0.009765625 0.010498046875
3 0.097412109375 0.432373046875 0.011962890625 0.0244140625
0 0.583251953125 0.76953125 0.02001953125 0.023681640625
3 0.203369140625 0.44140625 0.013916015625 0.0146484375
3 0.643798828125 0.65185546875 0.009765625 0.026123046875
3 0.338623046875 0.164306640625 0.009521484375 0.017822265625
0 0.379638671875 0.8271484375 0.01171875 0.0224609375
1 0.689208984375 0.121826171875 0.021728515625 0.031494140625
3 0.617431640625 0.143798828125 0.020751953125 0.024658203125
3 0.763916015625 0.349609375 0.01025390625 0.0166015625
3 0.380126953125 0.55078125 0.012939453125 0.026611328125
3 0.931396484375 0.57568359375 0.019775390625 0.0205078125
3 0.17138671875 0.78759765625 0.010986328125 0.029052734375
3 0.86474609375 0.831787109375 0.0087890625 0.020751953125
3 0.9453125 0.967529296875 0.01025390625 0.0302734375
3 0.723876953125 0.682861328125 0.012939453125 0.035888671875
3 0.39501953125 0.434814453125 0.013671875 0.029296875
3 0.419189453125 0.595703125 0.0224609375 0.01171875
0 0.45068359375 0.873779296875 0.009033203125 0.027587890625
0 0.8505859375 0.029296875 0.007568359375 0.026611328125
3 0.77685546875 0.6123046875 0.012451171875 0.016357421875
3 0.324951171875 0.4296875 0.006591796875 0.01513671875
3 0.20263671875 0.32275390625 0.0166015625 0.0126953125
3 0.651123046875 0.025146484375 0.015380859375 0.01513671875
3 0.52880859375 0.72802734375 0.008544921875 0.01904296875
0 0.487060546875 0.2802734375 0.009033203125 0.02587890625
3 0.3720703125 0.988525390625 0.01025390625 0.019775390625
3 0.45751953125 0.066162109375 0.0078125 0.024658203125
0 0.387939453125 0.062744140625 0.010009765625 0.02294921875
3 0.5595703125 0.171875 0.01708984375 0.01708984375
3 0.66357421875 0.205078125 0.01953125 0.020751953125
3 0.600341796875 0.197265625 0.0087890625 0.024658203125
3 0.48779296875 0.96484375 0.011962890625 0.02685546875
3 0.17529296875 0.227783203125 0.021484375 0.01708984375
3 0.4951171875 0.46728515625 0.00830078125 0.02001953125
3 0.4296875 0.2265625 0.00732421875 0.022705078125
3 0.660400390625 0.564697265625 0.01171875 0.03369140625
0 0.462158203125 0.098388671875 0.017333984375 0.00830078125
0 0.260009765625 0.637451171875 0.009033203125 0.0205078125
3 0.473876953125 0.633056640625 0.0126953125 0.033203125
3 0.455322265625 0.923828125 0.013671875 0.02197265625
3 0.36572265625 0.358642578125 0.013916015625 0.018310546875
3 0.495361328125 0.791015625 0.01416015625 0.01220703125
3 0.45849609375 0.670654296875 0.015625 0.024658203125
0 0.1708984375 0.4501953125 0.016845703125 0.011474609375
3 0.376220703125 0.72412109375 0.01708984375 0.017822265625
1 0.725341796875 0.94140625 0.054443359375 0.052978515625
3 0.429443359375 0.732177734375 0.0078125 0.015380859375
0 0.73681640625 0.46484375 0.00830078125 0.028564453125
3 0.528076171875 0.275634765625 0.021484375 0.013671875
3 0.550537109375 0.97119140625 0.011962890625 0.011962890625
0 0.84619140625 0.029052734375 0.0078125 0.02587890625
3 0.438232421875 0.445068359375 0.0146484375 0.01171875
3 0.5439453125 0.546142578125 0.010986328125 0.010009765625
3 0.399169921875 0.612060546875 0.009765625 0.015869140625
3 0.597412109375 0.285400390625 0.00732421875 0.02197265625
3 0.467529296875 0.565673828125 0.008056640625 0.020751953125
3 0.701904296875 0.869873046875 0.019775390625 0.01123046875
3 0.48681640625 0.182373046875 0.0185546875 0.010498046875
3 0.51708984375 0.91455078125 0.018310546875 0.017333984375
0 0.57861328125 0.252197265625 0.012451171875 0.016845703125
3 0.88134765625 0.994140625 0.0107421875 0.010986328125
3 0.563232421875 0.2138671875 0.00830078125 0.013427734375
3 0.39013671875 0.610107421875 0.021484375 0.015625
3 0.826416015625 0.386474609375 0.009033203125 0.028564453125
0 0.210205078125 0.84765625 0.015869140625 0.01123046875
3 0.51220703125 0.9296875 0.01171875 0.01513671875
3 0.1787109375 0.35986328125 0.012451171875 0.031982421875
3 0.510986328125 0.267578125 0.00927734375 0.011962890625
3 0.418212890625 0.03369140625 0.0234375 0.008544921875
3 0.517822265625 0.798583984375 0.0146484375 0.015625
3 0.718017578125 0.25 0.013427734375 0.018310546875
3 0.60791015625 0.07275390625 0.02294921875 0.029541015625
3 0.881103515625 0.055908203125 0.009765625 0.01123046875
3 0.54443359375 0.99609375 0.0107421875 0.007080078125
3 0.521240234375 0.102294921875 0.0078125 0.01806640625
3 0.00439453125 0.116455078125 0.008544921875 0.01611328125
0 0.544677734375 0.35986328125 0.01318359375 0.01171875
3 0.367431640625 0.798828125 0.01416015625 0.0087890625
3 0.602783203125 0.48046875 0.019287109375 0.01025390625
1 0.662109375 0.0068359375 0.037109375 0.01318359375
3 0.436767578125 0.02587890625 0.009033203125 0.017333984375
3 0.371826171875 0.215576171875 0.0087890625 0.01611328125
0 0.56396484375 0.527099609375 0.02294921875 0.016357421875
3 0.595947265625 0.006591796875 0.015380859375 0.012451171875
0 0.271484375 0.554931640625 0.01123046875 0.013916015625
3 0.10107421875 0.674072265625 0.010009765625 0.019775390625
3 0.54833984375 0.7138671875 0.02490234375 0.021728515625
3 0.548583984375 0.734375 0.02197265625 0.01904296875
3 0.552490234375 0.747802734375 0.023681640625 0.012939453125
0 0.555908203125 0.7646484375 0.020263671875 0.013916015625
3 0.6064453125 0.763916015625 0.019775390625 0.026123046875
3 0.5439453125 0.787353515625 0.0244140625 0.01904296875
3 0.493896484375 0.631591796875 0.0087890625 0.037353515625
3 0.484619140625 0.6328125 0.010986328125 0.0400390625
3 0.521728515625 0.4931640625 0.020263671875 0.036376953125
3 0.5078125 0.485595703125 0.0224609375 0.02685546875
3 0.620849609375 0.272216796875 0.0126953125 0.0322265625
3 0.614501953125 0.25830078125 0.0126953125 0.0302734375
3 0.62939453125 0.25439453125 0.013427734375 0.0224609375
3 0.448974609375 0.842529296875 0.02197265625 0.0322265625
3 0.475341796875 0.94140625 0.010986328125 0.037353515625
3 0.534423828125 0.915771484375 0.017822265625 0.01904296875