0 0.745849609375 0.383544921875 0.0234375 0.041748046875
0 0.26025390625 0.411865234375 0.0185546875 0.021240234375
0 0.688232421875 0.27197265625 0.025146484375 0.0224609375
0 0.214111328125 0.58251953125 0.01611328125 0.031982421875
3 0.89306640625 0.159423828125 0.01318359375 0.038818359375
0 0.4150390625 0.32958984375 0.013671875 0.02978515625
0 0.157470703125 0.091064453125 0.018798828125 0.04248046875
0 0.419921875 0.010986328125 0.0234375 0.02197265625
1 0.52880859375 0.30322265625 0.044677734375 0.050537109375
0 0.24560546875 0.36669921875 0.021484375 0.04541015625
1 0.530517578125 0.5927734375 0.041015625 0.0595703125
1 0.4599609375 0.35791015625 0.04638671875 0.05810546875
1 0.524658203125 0.45849609375 0.051025390625 0.05419921875
0 0.934814453125 0.21630859375 0.01513671875 0.02197265625
0 0.7880859375 0.228515625 0.02734375 0.024658203125
3 0.799560546875 0.182373046875 0.01123046875 0.034423828125
0 0.41552734375 0.231689453125 0.017578125 0.045654296875
0 0.322265625 0.849609375 0.018310546875 0.0234375
0 0.791015625 0.308837890625 0.02099609375 0.051025390625
3 0.768798828125 0.5419921875 0.020263671875 0.02197265625
0 0.04931640625 0.10498046875 0.015869140625 0.037353515625
3 0.217041015625 0.1435546875 0.015625 0.037841796875
0 0.75537109375 0.2900390625 0.026611328125 0.02001953125
0 0.20263671875 0.703369140625 0.021484375 0.022705078125
1 0.541748046875 0.35693359375 0.02685546875 0.052001953125
0 0.972900390625 0.37109375 0.036376953125 0.028564453125
0 0.206787109375 0.328369140625 0.0185546875 0.03955078125
3 0.767333984375 0.617919921875 0.021728515625 0.021728515625
3 0.388427734375 0.7275390625 0.020263671875 0.017333984375
1 0.548828125 0.259521484375 0.065185546875 0.06005859375
1 0.494873046875 0.394287109375 0.056884765625 0.068603515625
3 0.811767578125 0.75732421875 0.0107421875 0.032958984375
0 0.961669921875 0.1875 0.01025390625 0.02880859375
3 0.790283203125 0.35009765625 0.014404296875 0.01953125
0 0.753173828125 0.32763671875 0.015869140625 0.0517578125
3 0.339599609375 0.2734375 0.0087890625 0.03173828125
0 0.193603515625 0.53662109375 0.023193359375 0.03759765625
3 0.432373046875 0.49755859375 0.01416015625 0.025634765625
0 0.36962890625 0.703369140625 0.0126953125 0.04638671875
0 0.885498046875 0.989013671875 0.01904296875 0.021484375
1 0.50244140625 0.132080078125 0.054443359375 0.0595703125
1 0.493896484375 0.662109375 0.061767578125 0.0947265625
0 0.8740234375 0.75244140625 0.01025390625 0.0283203125
1 0.474609375 0.5419921875 0.042236328125 0.062255859375
0 0.795654296875 0.987060546875 0.03076171875 0.025146484375
1 0.419189453125 0.091552734375 0.041259765625 0.072509765625
0 0.364990234375 0.779296875 0.011474609375 0.030517578125
3 0.290771484375 0.023681640625 0.017333984375 0.017333984375
3 0.279296875 0.771240234375 0.0087890625 0.030517578125
0 0.769287109375 0.923583984375 0.013671875 0.0146484375
3 0.10400390625 0.81982421875 0.01513671875 0.027099609375
0 0.245361328125 0.282470703125 0.02197265625 0.024169921875
3 0.277099609375 0.23193359375 0.01416015625 0.031982421875
1 0.572021484375 0.560302734375 0.024169921875 0.02392578125
1 0.462890625 0.78271484375 0.05224609375 0.06982421875
0 0.3271484375 0.890869140625 0.0126953125 0.018798828125
0 0.2705078125 0.80322265625 0.01513671875 0.01611328125
0 0.800537109375 0.037109375 0.012939453125 0.025390625
0 0.4541015625 0.169921875 0.01318359375 0.02197265625
0 0.834716796875 0.610595703125 0.01611328125 0.037841796875
3 0.7978515625 0.948486328125 0.014892578125 0.017333984375
1 0.537109375 0.9248046875 0.04443359375 0.04052734375
3 0.78955078125 0.56103515625 0.015625 0.010498046875
0 0.688232421875 0.0849609375 0.0146484375 0.0166015625
3 0.08837890625 0.830078125 0.02392578125 0.024169921875
0 0.89013671875 0.7314453125 0.008056640625 0.02783203125
3 0.910888671875 0.67431640625 0.020263671875 0.020751953125
0 0.197509765625 0.501220703125 0.01708984375 0.062744140625
1 0.521484375 0.753173828125 0.059326171875 0.06005859375
3 0.805908203125 0.85009765625 0.013916015625 0.03759765625
0 0.307861328125 0.892822265625 0.015869140625 0.020263671875
1 0.48486328125 0.185791015625 0.03515625 0.036376953125
1 0.427734375 0.715087890625 0.047607421875 0.055419921875
3 0.7734375 0.095458984375 0.018310546875 0.010986328125
0 0.881103515625 0.985107421875 0.018310546875 0.021484375
3 0.216796875 0.31640625 0.0146484375 0.032958984375
0 0.832763671875 0.439208984375 0.011474609375 0.023193359375
0 0.821044921875 0.480224609375 0.010009765625 0.0087890625
3 0.8515625 0.796875 0.026123046875 0.032470703125