0 0.11375661376953125 0.8825644841308593 0.04298941796875 0.015128968261718723
0 0.14451058203125 0.841765873046875 0.030423280273437492 0.03670634960937491
0 0.22767857153320314 0.826016865234375 0.04133597900390626 0.02058531738281255
0 0.26818783081054687 0.8334573413085937 0.01322751318359372 0.022073413085937466
0 0.31795634936523437 0.8597470239257812 0.030753968261718723 0.013640873046875002
0 0.26884920629882814 0.8643353173828126 0.011243386230468722 0.01240079394531246
0 0.25677910034179685 0.9332837302246094 0.010251322753906222 0.014384920410156266
0 0.42278439160156245 0.9841269838867187 0.036044973632812505 0.03125
0 0.4897486772460937 0.9391121032714844 0.013227513671874969 0.009176587402343839
0 0.6840277778320312 0.7575644841308593 0.04794973535156244 0.03447420654296873
0 0.8070436508789063 0.7755456350097656 0.03141534374999999 0.011408729980468713
0 0.8095238095703126 0.8365575395507813 0.019179894531249908 0.027281746093750003
0 0.708994708984375 0.8313492062988281 0.021164021484374906 0.01785714306640629
0 0.9034391533203125 0.8328373015136719 0.032407407226562435 0.01537698388671882
0 0.9565145502929688 0.43241567456054686 0.03207671972656245 0.014136904785156224
0 0.9214616401367187 0.18105158715820313 0.026124338867187458 0.027777777832031253
0 0.985615079345703 0.28608630957031245 0.02281746044921873 0.010664682617187504
0 0.7217261906738281 0.1396329365234375 0.03273809521484372 0.015376984375000013
0 0.7668650793457031 0.09139384912109375 0.019179894042968826 0.029513888671875002
0 0.7673611110839844 0.05096726196289063 0.022156084472656268 0.02504960302734375
0 0.8042328041992188 0.03273809521484375 0.021164021484375017 0.024801586914062503
2 0.6496362434082031 0.15860615087890625 0.015542327636718811 0.019593253906249997
0 0.3009259260253906 0.19159226171875 0.029761904785156224 0.013640873046875002
2 0.24801587280273438 0.18501984130859375 0.013227513183593775 0.013392857421875015
0 0.048611111083984374 0.02182539697265625 0.03968253955078124 0.021329365234374998
0 0.033234126953125 0.47594246020507813 0.053902116210937503 0.04166666650390627
0 0.2814153439941406 0.5396825397949219 0.03571428564453122 0.018849206542968844
0 0.3789682541503906 0.47346230151367186 0.011243386230468777 0.00992063525390624
3 0.33862433862304686 0.6382688493652344 0.022486772949218747 0.014136904785156168
0 0.419973544921875 0.6453373015136719 0.019841269531249983 0.019841270019531176
1 0.35052910034179685 0.4190228173828125 0.07671957666015622 0.060267857421875015
1 0.47337962963867186 0.41046626977539064 0.05522486767578133 0.038690476074218716
1 0.3675595239257813 0.5188492062988281 0.0439814814453125 0.03819444482421869
1 0.1486441796875 0.4795386904296875 0.05853174609374999 0.035962301757812454
1 0.10813492065429688 0.5190972221679687 0.06084656103515626 0.04563492089843746
1 0.15211640209960936 0.5225694443359374 0.05753968212890624 0.042162698242187546
1 0.20337301586914064 0.5660962299804688 0.06283068798828126 0.045882936523437556
1 0.25677910034179685 0.5803571428222656 0.05324074072265625 0.050595237792968706
1 0.4457671958007813 0.5951140871582031 0.06084656054687504 0.049355158691406276
1 0.4644510581054688 0.5491071428222656 0.064484126953125 0.050595237792968706
1 0.5515873017578126 0.5520833332519531 0.06746031738281244 0.05803571435546884
1 0.603505291015625 0.5398065476074219 0.05621693164062491 0.036954364746093704
1 0.572420634765625 0.5049603173828126 0.06547619042968744 0.043154761718750045
1 0.5767195769042969 0.46812996020507813 0.04629629638671884 0.02901785693359371
1 0.5985449736328126 0.42150297631835937 0.037037037109375004 0.022073412597656272
1 0.7199074074707031 0.654389880859375 0.07671957666015627 0.04985119042968744
1 0.8490410051269531 0.48127480175781245 0.10019841259765627 0.05084325390624994
1 0.9475859790039063 0.47185019848632814 0.08498677246093755 0.058283729980468824
0 0.123779296875 0.3955078125 0.01318359375 0.007568359375
0 0.5126953125 0.205078125 0.0146484375 0.007080078125