3 0.27912808642578124 0.33825231469726563 0.013117284179687494 0.03645833349609373
2 0.41213348779296877 0.34939236108398436 0.028356481445312498 0.08709490771484374
3 0.2061149689941406 0.08275462963867188 0.01639660498046877 0.017939814941406257
2 0.5795717592773437 0.07884837963867188 0.016782407226562546 0.01822916650390624
2 0.5485146604003905 0.20153356494140626 0.01909722216796872 0.020543981445312498
2 0.5594135803222656 0.19140625 0.009645062011718775 0.019965277343749976
1 0.6104359567871094 0.18836805541992185 0.04803240771484374 0.07465277783203125
3 0.6960841047363282 0.11964699072265625 0.020640432128906316 0.01996527734374999
3 0.8051697529296875 0.16362847241210937 0.015432098632812474 0.01707175927734375
2 0.9578510803222656 0.3517071760253906 0.013695987792968767 0.025173610839843763
2 0.7191358024902343 0.3266782407226563 0.013503086425781241 0.02546296289062505
1 0.6298225307617187 0.95703125 0.032793209960937486 0.06047453710937489
1 0.5898919753417968 0.8778935185546874 0.035879629394531265 0.06307870410156247
1 0.609375 0.8414351853027344 0.046682098632812474 0.07349537060546874
1 0.6306905864257812 0.7570891203613281 0.03722993847656242 0.04832175927734372
1 0.5938464506835938 0.7323495371093749 0.04648919726562495 0.056712962890624996
1 0.6648341049804687 0.7000868056640626 0.04263117285156259 0.060474537109375004
1 0.6224922839355469 0.6918402778320312 0.043595679199218695 0.06712962988281246
1 0.5720486110839844 0.5979456018066407 0.04880401220703123 0.05295138916015618
1 0.6204668210449218 0.611400462890625 0.05574845654296878 0.08969907421875001
2 0.48273533935546875 0.52734375 0.018711419921874972 0.020543981445312554
3 0.5674189814453126 0.5643807868652344 0.01601080273437494 0.029803240722656277
1 0.6211419753417968 0.5421006945800781 0.03896604931640624 0.05121527783203128
1 0.583912037109375 0.5299479165039063 0.028163580078125028 0.06741898144531255
1 0.6731288579101562 0.533275462890625 0.038387345703125075 0.0486111113281249
1 0.6335841047363282 0.4975405092773437 0.0461033950195312 0.04658564843749996
1 0.5960648146972656 0.4823495368652344 0.033564814941406174 0.04745370361328122
1 0.694155092529297 0.4759837963867187 0.03105709912109378 0.045138888671875044
1 0.6695601853027344 0.4649884260253906 0.026620370605468735 0.03935185205078123
1 0.637538580078125 0.43200231494140623 0.04822530859374996 0.06423611132812501
1 0.594907407470703 0.43822337963867186 0.026620370605468735 0.042534722167968775
1 0.6440007717285157 0.3330439814453125 0.03607253076171879 0.047453704101562466
1 0.695987654296875 0.3872974536132813 0.03549382714843752 0.043692129882812514
1 0.7308063271484375 0.40162037036132814 0.030671295898437534 0.06134259228515626
3 0.42669753076171874 0.5688657407226563 0.021219135742187478 0.038773148437500016
2 0.25414737670898435 0.552806712890625 0.057677469238281265 0.09114583300781254
3 0.3399884260253906 0.8521412036132813 0.03298611083984376 0.05555555566406256
2 0.030767747070312497 0.7754629631347656 0.035686728515625 0.03761574072265628
3 0.019965277587890625 0.7965856481933593 0.03337191357421875 0.053240740722656166
3 0.06385030883789063 0.07855902783203125 0.030478395019531257 0.03501157421875001
1 0.7048611110839844 0.01316550927734375 0.03279320947265629 0.0263310185546875