0 0.6029128085937501 0.42158564819335936 0.038001542968750024 0.05324074072265628
3 0.8811728395996093 0.9868344907226563 0.04475308642578124 0.025173611328125012
0 0.34403935180664064 0.33709490747070314 0.016010802246093747 0.027777777832031225
3 0.29099151220703123 0.5653935185546874 0.011381172851562482 0.021412037109375004
3 0.33333333325195313 0.6569733796386719 0.01658950634765627 0.034432870605468735
3 0.17939814794921874 0.15350115747070314 0.018518518554687502 0.026909722167968747
1 0.3926504631347656 0.08709490747070313 0.04456018505859377 0.09722222216796875
1 0.4611304013671875 0.2905092592773437 0.039930555664062506 0.05208333300781248
1 0.4101080246582031 0.2524594907226563 0.05902777783203128 0.047743055664062506
1 0.38946759252929686 0.30584490747070314 0.03896604931640624 0.06307870361328122
1 0.43180941357421876 0.32349537036132814 0.043016975585937534 0.06192129638671873
1 0.4243827160644531 0.3803530092773437 0.03587962939453121 0.052951388671875044
1 0.385223765625 0.37369791674804687 0.04128086425781252 0.06799768505859372
1 0.412037037109375 0.4331597221679687 0.05632716015625 0.05092592578125005
1 0.430362654296875 0.48697916650390627 0.04282407421875001 0.05092592578124999
1 0.38657407397460936 0.5150462961425781 0.03896604931640624 0.07291666650390627
1 0.4286265432128906 0.5302372683105468 0.04513888916015629 0.03269675927734372
1 0.40162037036132814 0.5870949072265625 0.07214506201171877 0.078125
1 0.4072145061035156 0.677662037109375 0.04629629638671873 0.05555555566406256
1 0.5161072529296875 0.8107638889160156 0.03530092578124999 0.06134259228515626
1 0.492862654296875 0.8738425927734375 0.037037037109375004 0.046875
1 0.4601658950195312 0.92578125 0.042245370117187486 0.06394675878906253
1 0.4356674382324219 0.8648726850585937 0.058834876464843755 0.06944444433593755
1 0.4455054013671875 0.8087384260253907 0.04803240722656249 0.05439814794921871
1 0.46228780859375 0.7507233796386719 0.0403163583984375 0.05815972216796883
1 0.5247878088378906 0.9703414353027344 0.030671296386718727 0.05526620361328127
1 0.478587962890625 0.9775752314453126 0.05941358007812503 0.04369212988281246
0 0.366943359375 0.712158203125 0.011962890625 0.02490234375
3 0.541015625 0.422119140625 0.02587890625 0.015625