2 0.9285300927734375 0.20833333325195313 0.019868827148437518 0.03240740771484377
2 0.9889081789550781 0.24464699072265625 0.012538580566406221 0.0078125
2 0.9006558642578124 0.3560474536132813 0.04552469140625004 0.030381944335937494
2 0.7831790122070312 0.19285300927734375 0.011574074218750008 0.015914351562499984
0 0.8875385803222656 0.16825810180664064 0.03510802490234366 0.055266203613281245
0 0.6952160493164063 0.21354166674804687 0.013888888671874988 0.04166666650390624
2 0.5396412036132812 0.10445601831054688 0.024498457031249976 0.04050925927734375
0 0.4031635803222656 0.10561342602539063 0.04359567919921875 0.046296296386718755
0 0.2665895061035156 0.11082175927734375 0.03009259228515626 0.05092592578124999
0 0.08072916674804688 0.11776620385742188 0.019097222167968747 0.04340277783203125
0 0.24942129638671875 0.34678819433593755 0.012731481445312498 0.032118055664062506
0 0.03944830249023437 0.375 0.020254629394531248 0.03356481445312498
0 0.18933256176757812 0.7868923610839844 0.025270062011718747 0.030381944824218743
0 0.11574074072265625 0.9066840278320312 0.015817901367187498 0.04195601855468756
0 0.10108024682617187 0.9728009260253907 0.02353395068359375 0.03182870361328127
0 0.2959104938964844 0.9377893518066407 0.014660493652343787 0.040509259277343834
1 0.35021219140625 0.7806712963867187 0.06732253124999998 0.078125
1 0.5435956789550781 0.7282986110839844 0.050154320800781305 0.0740740737304687
1 0.60532407421875 0.66782407421875 0.051311728515625044 0.08680555566406256
1 0.48987268530273437 0.841001157470703 0.06307870361328127 0.11660879638671873
1 0.5515046296386719 0.8100405092773437 0.05246913623046878 0.08246527734374998
0 0.6139081789550782 0.7453703703613281 0.0287422836914063 0.05324074072265628
0 0.32899305541992185 0.6452546296386719 0.03915895068359376 0.044560185058593715
1 0.42476851855468745 0.6850405092773437 0.074459876953125 0.07783564843750002
1 0.3909143518066406 0.6558159721679687 0.04918981494140623 0.07783564843750002
1 0.46865354931640624 0.5700231479492187 0.05729166699218752 0.0625
1 0.33082561718750003 0.5755208332519531 0.052854938476562474 0.07696759228515626
1 0.37239583325195313 0.5677083334960937 0.03645833349609373 0.046875
1 0.39814814819335936 0.5358796296386719 0.04745370361328127 0.05497685205078118
1 0.4445408950195312 0.4926215275878906 0.047260802734374996 0.07667824072265622
1 0.5044367282714843 0.47931134252929686 0.07330246923828126 0.07957175927734372
1 0.5485146606445312 0.5124421296386719 0.05844907421875001 0.09490740771484374
2 0.5474537036132813 0.4419849536132813 0.03549382714843752 0.0789930556640625
2 0.6811342592773437 0.4907407409667969 0.018132715820312506 0.03761574072265628
0 0.7206790122070312 0.5125868056640626 0.030092592773437454 0.04369212988281246
0 0.7003279321289062 0.470775462890625 0.02334104980468743 0.023148148437500016
0 0.7811535493164062 0.3668981481933594 0.019868827148437518 0.03356481494140623
0 0.8086419753417968 0.35706018505859377 0.033179012207031344 0.04282407421875001
0 0.7615740739746094 0.05512152783203125 0.006172839355468751 0.014756944335937501
0 0.7689043208007813 0.01967592578125 0.010030864257812522 0.018518518554687502
2 0.6282793208007813 0.00636574072265625 0.010030864257812522 0.0127314814453125
1 0.4967206789550781 0.04875578686523438 0.04629629638671878 0.06394675927734375
1 0.5608603395996095 0.23799189819335936 0.06732253076171879 0.09693287060546874
1 0.5886381174316406 0.9545717592773437 0.0534336420898438 0.08564814843750002
2 0.5920138889160156 0.8833912038574219 0.010030863769531329 0.01909722216796883
2 0.6819058640136719 0.9574652778320312 0.03472222216796872 0.04398148144531244
1 0.36255787036132814 0.9104456018066407 0.04918981494140623 0.09461805517578126
1 0.3115354938964844 0.8576388889160156 0.04591049365234379 0.06828703662109381
2 0.460262345703125 0.8113425925292969 0.025462962890624996 0.028935185058593715