0 0.64892578125 0.615234375 0.056884765625 0.017578125
0 0.450927734375 0.687255859375 0.04248046875 0.023193359375
0 0.661865234375 0.33251953125 0.03857421875 0.0263671875
0 0.864990234375 0.900390625 0.0283203125 0.0185546875
3 0.75341796875 0.34814453125 0.024658203125 0.016845703125
0 0.303466796875 0.353515625 0.017578125 0.02490234375
0 0.0830078125 0.293212890625 0.027099609375 0.0419921875
3 0.661376953125 0.3896484375 0.0224609375 0.017578125
3 0.846435546875 0.022705078125 0.015625 0.02197265625
0 0.53125 0.969482421875 0.0244140625 0.02099609375
0 0.7666015625 0.299560546875 0.02978515625 0.01708984375
3 0.833740234375 0.232421875 0.013671875 0.019775390625
0 0.6962890625 0.155029296875 0.028076171875 0.016845703125
0 0.65478515625 0.9365234375 0.01806640625 0.019775390625
0 0.099609375 0.3125 0.052001953125 0.025146484375
3 0.0107421875 0.085693359375 0.021484375 0.01806640625
3 0.135498046875 0.264404296875 0.0185546875 0.01513671875
0 0.93603515625 0.812255859375 0.037353515625 0.0126953125
3 0.497802734375 0.672119140625 0.032470703125 0.021728515625
1 0.4248046875 0.496826171875 0.09912109375 0.07666015625
3 0.36767578125 0.34375 0.019287109375 0.01708984375
1 0.802734375 0.488037109375 0.077880859375 0.05322265625
3 0.128662109375 0.354736328125 0.02099609375 0.01611328125
3 0.161865234375 0.295166015625 0.0146484375 0.01953125
0 0.732177734375 0.906982421875 0.016357421875 0.015380859375
3 0.838623046875 0.44677734375 0.02099609375 0.02099609375
3 0.66015625 0.2666015625 0.013427734375 0.014404296875
3 0.21240234375 0.564697265625 0.019287109375 0.018310546875
0 0.6318359375 0.38671875 0.033935546875 0.019287109375
3 0.633056640625 0.368896484375 0.037841796875 0.017578125
3 0.853515625 0.310546875 0.03173828125 0.0107421875
0 0.11669921875 0.8681640625 0.025390625 0.015869140625
3 0.493896484375 0.63134765625 0.034423828125 0.014404296875
3 0.87158203125 0.93017578125 0.017578125 0.015380859375
1 0.877197265625 0.483642578125 0.056884765625 0.042724609375
1 0.716796875 0.50390625 0.077880859375 0.042724609375
3 0.821044921875 0.440673828125 0.018310546875 0.018310546875
3 0.18115234375 0.42578125 0.021728515625 0.009033203125
3 0.500732421875 0.443603515625 0.01123046875 0.0234375
0 0.205322265625 0.364990234375 0.016845703125 0.018310546875
0 0.09521484375 0.076416015625 0.0234375 0.011474609375
3 0.6708984375 0.310546875 0.0390625 0.012451171875
3 0.197998046875 0.9287109375 0.0146484375 0.01220703125
1 0.964111328125 0.504150390625 0.06396484375 0.07568359375
3 0.74658203125 0.7099609375 0.027099609375 0.009521484375
0 0.07080078125 0.67724609375 0.0126953125 0.018798828125
1 0.026611328125 0.46875 0.05322265625 0.052978515625
0 0.715087890625 0.320068359375 0.013916015625 0.021728515625
0 0.963623046875 0.391845703125 0.0224609375 0.01220703125
3 0.4736328125 0.42529296875 0.0185546875 0.008056640625
3 0.5361328125 0.71337890625 0.02001953125 0.030517578125
1 0.626708984375 0.4990234375 0.07275390625 0.05029296875
3 0.515380859375 0.46337890625 0.022705078125 0.0107421875
3 0.271240234375 0.568603515625 0.013916015625 0.016357421875
3 0.7783203125 0.205322265625 0.016357421875 0.01611328125
1 0.271728515625 0.4970703125 0.068359375 0.042724609375
3 0.348876953125 0.25341796875 0.0126953125 0.01904296875
0 0.4970703125 0.329833984375 0.02490234375 0.012939453125
3 0.296875 0.3779296875 0.021728515625 0.011474609375
0 0.216796875 0.538330078125 0.03125 0.01171875
0 0.4814453125 0.355712890625 0.019775390625 0.0205078125
3 0.743896484375 0.705078125 0.026123046875 0.009521484375
0 0.518310546875 0.8974609375 0.02392578125 0.014892578125
3 0.4794921875 0.510009765625 0.0185546875 0.011962890625
3 0.62060546875 0.639404296875 0.031494140625 0.009033203125
3 0.3701171875 0.395263671875 0.03271484375 0.01416015625
3 0.72705078125 0.39697265625 0.03076171875 0.015380859375
3 0.99462890625 0.11328125 0.01025390625 0.009521484375
0 0.77783203125 0.349853515625 0.014404296875 0.017578125
0 0.0556640625 0.9091796875 0.015869140625 0.012939453125
3 0.69287109375 0.0078125 0.0146484375 0.014892578125
3 0.469970703125 0.696044921875 0.040283203125 0.014892578125
1 0.7275390625 0.4677734375 0.057861328125 0.021728515625
1 0.16748046875 0.478271484375 0.070068359375 0.055419921875
1 0.094482421875 0.471923828125 0.070068359375 0.056396484375
1 0.125244140625 0.52197265625 0.08251953125 0.051513671875
1 0.153076171875 0.574951171875 0.0615234375 0.04833984375
1 0.085693359375 0.573974609375 0.068603515625 0.052978515625
1 0.5791015625 0.4560546875 0.070068359375 0.0458984375
1 0.730712890625 0.591796875 0.068115234375 0.051025390625
1 0.331298828125 0.44775390625 0.072265625 0.054443359375
0 0.2705078125 0.458251953125 0.023193359375 0.016357421875
0 0.5107421875 0.438720703125 0.017333984375 0.010986328125
3 0.455810546875 0.590087890625 0.015869140625 0.019775390625
1 0.335205078125 0.529052734375 0.078857421875 0.058837890625
1 0.33203125 0.581787109375 0.089599609375 0.049560546875
3 0.261962890625 0.555908203125 0.014404296875 0.010986328125
3 0.6259765625 0.6474609375 0.0224609375 0.010986328125
0 0.259765625 0.72998046875 0.018798828125 0.013916015625
3 0.859130859375 0.857421875 0.01953125 0.017333984375
0 0.769287109375 0.39404296875 0.032470703125 0.016357421875
0 0.864013671875 0.3349609375 0.02392578125 0.012939453125