0 0.14794921875 0.970947265625 0.02294921875 0.032958984375
1 0.60546875 0.88818359375 0.035888671875 0.0517578125
0 0.0546875 0.57568359375 0.0400390625 0.0234375
1 0.5908203125 0.372314453125 0.030517578125 0.05615234375
1 0.686767578125 0.60546875 0.02880859375 0.05029296875
0 0.88818359375 0.795654296875 0.025390625 0.02783203125
1 0.595703125 0.5625 0.032958984375 0.038330078125
1 0.667724609375 0.030517578125 0.03125 0.047607421875
1 0.649658203125 0.1708984375 0.023681640625 0.036865234375
3 0.269287109375 0.682861328125 0.021728515625 0.0234375
1 0.664794921875 0.544677734375 0.032470703125 0.052734375
3 0.7021484375 0.05419921875 0.02490234375 0.019287109375
1 0.587646484375 0.523193359375 0.028564453125 0.048828125
1 0.62841796875 0.6240234375 0.048583984375 0.056396484375
3 0.791748046875 0.951171875 0.021240234375 0.028564453125
1 0.66162109375 0.84521484375 0.025146484375 0.03076171875
1 0.633056640625 0.933349609375 0.02197265625 0.035888671875
0 0.84619140625 0.58642578125 0.02685546875 0.047119140625
3 0.853515625 0.82763671875 0.009521484375 0.032958984375
1 0.68798828125 0.0830078125 0.028564453125 0.038818359375
1 0.63037109375 0.960205078125 0.02197265625 0.02734375
0 0.277587890625 0.60693359375 0.020263671875 0.040771484375
1 0.661376953125 0.6318359375 0.02294921875 0.0341796875
1 0.656982421875 0.70947265625 0.025634765625 0.033935546875
0 0.976806640625 0.68701171875 0.01806640625 0.0126953125
0 0.318603515625 0.293701171875 0.017333984375 0.0205078125
3 0.20166015625 0.419677734375 0.013671875 0.020751953125
0 0.182861328125 0.92431640625 0.01708984375 0.035400390625
3 0.25244140625 0.4873046875 0.01171875 0.015380859375
0 0.76953125 0.446533203125 0.017578125 0.0234375
1 0.65869140625 0.887451171875 0.04345703125 0.058837890625
3 0.77783203125 0.28857421875 0.01708984375 0.015625
3 0.14501953125 0.7431640625 0.028564453125 0.0224609375
3 0.858642578125 0.890625 0.013916015625 0.015625
3 0.947265625 0.10986328125 0.0078125 0.02587890625
3 0.456298828125 0.74951171875 0.0146484375 0.03076171875
3 0.818603515625 0.76806640625 0.009033203125 0.021240234375
3 0.49267578125 0.463623046875 0.007080078125 0.023193359375
3 0.1767578125 0.774658203125 0.0078125 0.026123046875
3 0.510498046875 0.906494140625 0.0146484375 0.01806640625
3 0.34619140625 0.72216796875 0.025634765625 0.01611328125
0 0.359619140625 0.229736328125 0.01416015625 0.0146484375
0 0.61572265625 0.79443359375 0.01318359375 0.015380859375
3 0.91845703125 0.6171875 0.0126953125 0.01025390625
0 0.07080078125 0.97509765625 0.01904296875 0.010986328125
3 0.953125 0.255126953125 0.00927734375 0.015380859375
3 0.281005859375 0.246826171875 0.0087890625 0.026123046875
3 0.821044921875 0.6162109375 0.014892578125 0.01904296875
0 0.301025390625 0.064208984375 0.010498046875 0.030029296875
0 0.816650390625 0.79345703125 0.013427734375 0.0126953125
3 0.408447265625 0.636474609375 0.01123046875 0.010009765625
3 0.298095703125 0.132568359375 0.01123046875 0.031982421875
0 0.71875 0.622802734375 0.00830078125 0.01904296875
3 0.386962890625 0.76171875 0.00732421875 0.02001953125
3 0.323974609375 0.981201171875 0.009765625 0.03564453125
3 0.79296875 0.329833984375 0.0234375 0.015625
3 0.453369140625 0.901123046875 0.014892578125 0.010009765625
3 0.021728515625 0.46875 0.0126953125 0.01611328125
3 0.168701171875 0.44921875 0.01123046875 0.0087890625
1 0.68212890625 0.008544921875 0.0322265625 0.016845703125
3 0.210205078125 0.667236328125 0.01513671875 0.030029296875
0 0.839111328125 0.666015625 0.014404296875 0.01953125
0 0.071044921875 0.97021484375 0.017578125 0.011474609375
0 0.684814453125 0.740234375 0.01416015625 0.017578125
3 0.517822265625 0.293701171875 0.010009765625 0.029052734375
3 0.325927734375 0.350341796875 0.009765625 0.017578125
3 0.8544921875 0.357666015625 0.015380859375 0.010498046875
3 0.403564453125 0.4765625 0.009521484375 0.010009765625
0 0.86474609375 0.280029296875 0.013916015625 0.03369140625
0 0.9609375 0.21923828125 0.01171875 0.01318359375
0 0.374267578125 0.3330078125 0.010986328125 0.021484375
0 0.3525390625 0.308349609375 0.033935546875 0.02734375
0 0.44970703125 0.267578125 0.01806640625 0.0322265625
0 0.912841796875 0.979248046875 0.01416015625 0.023193359375
3 0.294677734375 0.338134765625 0.021484375 0.01123046875
3 0.45947265625 0.2763671875 0.017822265625 0.01171875
3 0.234375 0.477783203125 0.008544921875 0.01220703125
3 0.40576171875 0.44189453125 0.008544921875 0.017578125
3 0.76806640625 0.9775390625 0.015380859375 0.013671875
0 0.770263671875 0.603271484375 0.00927734375 0.01513671875
3 0.15625 0.777587890625 0.01025390625 0.01953125
0 0.60009765625 0.7548828125 0.00732421875 0.015380859375
3 0.39208984375 0.56494140625 0.00830078125 0.012939453125
0 0.59912109375 0.176025390625 0.009521484375 0.02001953125
3 0.996337890625 0.083740234375 0.00634765625 0.023681640625
2 0.2177734375 0.068603515625 0.012939453125 0.017333984375
3 0.11181640625 0.3818359375 0.016357421875 0.04052734375
0 0.277099609375 0.779541015625 0.014892578125 0.01806640625
0 0.3388671875 0.357421875 0.010986328125 0.023193359375
0 0.28759765625 0.376220703125 0.013916015625 0.018798828125
2 0.815673828125 0.157958984375 0.01025390625 0.017822265625
0 0.8544921875 0.2841796875 0.00732421875 0.022705078125
0 0.81982421875 0.330078125 0.0078125 0.018798828125
0 0.817138671875 0.3564453125 0.007080078125 0.009765625
3 0.86865234375 0.944580078125 0.012451171875 0.019775390625
0 0.366455078125 0.508056640625 0.00830078125 0.010009765625
0 0.508056640625 0.497802734375 0.00390625 0.017333984375