0 0.2652116401367187 0.9280753969726563 0.04034391503906248 0.030257936523437556
0 0.31779100512695313 0.9501488095703126 0.03174603173828128 0.020337301757812454
0 0.5338955024414063 0.7705853176269531 0.025462962890624996 0.024801587402343728
0 0.62103174609375 0.7301587302246093 0.01653439160156256 0.02033730126953126
0 0.012070105712890624 0.8578869047851563 0.01620370361328125 0.022817459960937536
0 0.04232804248046875 0.4568452380371094 0.03306878320312499 0.025793650878906227
0 0.265542328125 0.525297619140625 0.030423280273437492 0.014384920898437459
0 0.36755952392578123 0.5228174604492187 0.01951058203125 0.01190476171874999
0 0.39980158715820313 0.3349454365234375 0.04365079345703127 0.033978174804687455
0 0.26008597900390623 0.24045138891601564 0.011574074218750008 0.011656745605468727
0 0.77728174609375 0.01984127001953125 0.041997354492187444 0.028273809570312496
0 0.9409722224121093 0.5317460317382813 0.04530423291015617 0.03373015917968747
0 0.8874007937011719 0.5295138889160156 0.012896825683593738 0.026785714355468726
0 0.7197420637207032 0.5305059523925781 0.03273809521484372 0.01537698388671882
0 0.8890542329101563 0.8793402778320313 0.040013227539062446 0.03794642871093745
0 0.5219907407226563 0.59784226171875 0.022817459960937536 0.013640873046875002
1 0.4118716931152344 0.08308531762695312 0.04530423291015623 0.035714285644531246
1 0.36392195776367187 0.19283234130859375 0.05059523779296876 0.039930555664062506
1 0.39021164038085937 0.24392361108398436 0.04431216943359373 0.042410714355468726
1 0.4566798940429687 0.2569444443359375 0.04960317480468751 0.04315476171874999
1 0.560515873046875 0.26884920629882814 0.04629629589843742 0.046130952636718764
1 0.4639550263671875 0.302703373046875 0.048941798828124994 0.035962301757812454
1 0.6458333332519531 0.45833333325195313 0.062169312011718825 0.04513888916015624
1 0.6276455026855469 0.6514136904296874 0.06812169287109371 0.06175595214843754
1 0.38955026464843745 0.6675347224121093 0.0615079365234375 0.04141865087890617
1 0.5114087299804688 0.96490575390625 0.064484126953125 0.06969245996093743
1 0.5251322751464844 0.8819444445800781 0.06415343896484377 0.05902777783203128
1 0.629960317626953 0.8578869047851563 0.05423280419921872 0.03621031738281255
1 0.6537698413085937 0.8953373017578126 0.04034391503906254 0.029265873046875
1 0.5223214287109375 0.8209325395507813 0.05853174609374995 0.04315476171874999
1 0.4515542329101563 0.8307291667480469 0.0380291005859375 0.025049603027343714
1 0.39467592578125 0.8428819445800781 0.05853174609375 0.06572420654296873
1 0.744047619140625 0.8772321428222656 0.0958994707031251 0.07886904736328126
0 0.136474609375 0.67822265625 0.008544921875 0.011474609375
0 0.557861328125 0.593994140625 0.01611328125 0.013671875
0 0.518310546875 0.3955078125 0.011474609375 0.010986328125