0 0.584375 0.49921875 0.33359375 0.259375
0 0.58125 0.26484375 0.35078125 0.1828125
0 0.9328125 0.39609375 0.13203125 0.2171875
0 0.2953125 0.1046875 0.17890625 0.2
0 0.071875 0.16640625 0.14375 0.175
0 0.0296875 0.5734375 0.059375 0.2578125
0 0.11875 0.34296875 0.2375 0.2703125
0 0.303125 0.48828125 0.20078125 0.175
0 0.346875 0.76484375 0.32890625 0.3046875
0 0.096875 0.82890625 0.16875 0.128125
0 0.38359375 0.9296875 0.23125 0.1375
0 0.13984375 0.92578125 0.27890625 0.14609375
0 0.57421875 0.8796875 0.15625 0.23828125
0 0.77734375 0.85234375 0.30546875 0.29296875
0 0.91875 0.63046875 0.16015625 0.24453125